[[6. 3. 2. 5. 1. 7. 9. 4. 8.]
 [8. 1. 7. 6. 4. 9. 5. 3. 2.]
 [5. 9. 4. 8. 3. 2. 7. 1. 6.]
 [1. 4. 8. 7. 2. 3. 6. 9. 5.]
 [2. 7. 3. 9. 5. 6. 4. 8. 1.]
 [9. 5. 6. 4. 8. 1. 3. 2. 7.]
 [3. 6. 1. 2. 7. 4. 8. 5. 9.]
 [7. 2. 5. 3. 9. 8. 1. 6. 4.]
 [4. 8. 9. 1. 6. 5. 2. 7. 3.]]
[[6. 3. 2. 5. 1. 7. 9. 4. 8.]
 [8. 1. 7. 6. 4. 9. 5. 3. 2.]
 [5. 9. 4. 8. 3. 2. 7. 1. 6.]
 [1. 4. 8. 7. 2. 3. 6. 9. 5.]
 [7. 2. 3. 9. 5. 6. 4. 8. 1.]
 [9. 5. 6. 4. 8. 1. 3. 2. 7.]
 [3. 6. 1. 2. 7. 4. 8. 5. 9.]
 [2. 7. 5. 3. 9. 8. 1. 6. 4.]
 [4. 8. 9. 1. 6. 5. 2. 7. 3.]]
